[ [ 81, [ 3 ] ], [ 82, [ 3 ] ], [ 83, [ 3 ] ], [ 87, [ 3 ] ], [ 88, [ 3 ] ], 
  [ 89, [ 3 ] ], [ 90, [ 3 ] ], [ 99, [ 3 ] ], [ 100, [ 3 ] ], 
  [ 101, [ 3 ] ], [ 188, [ 3 ] ], [ 189, [ 3 ] ], [ 190, [ 3 ] ], 
  [ 191, [ 3 ] ], [ 192, [ 3 ] ], [ 193, [ 3 ] ], [ 194, [ 3 ] ], 
  [ 195, [ 3 ] ], [ 196, [ 3 ] ], [ 197, [ 3 ] ], [ 198, [ 3 ] ], 
  [ 199, [ 3 ] ], [ 200, [ 3 ] ], [ 201, [ 3 ] ], [ 202, [ 3 ] ], 
  [ 203, [ 3 ] ], [ 204, [ 3 ] ], [ 205, [ 3 ] ], [ 206, [ 3 ] ], 
  [ 207, [ 3 ] ], [ 208, [ 3 ] ], [ 209, [ 3 ] ], [ 210, [ 3 ] ], 
  [ 211, [ 3 ] ], [ 212, [ 3 ] ], [ 213, [ 3 ] ], [ 214, [ 3 ] ], 
  [ 215, [ 3 ] ], [ 216, [ 3, 3 ] ], [ 217, [ 3, 3 ] ], [ 218, [ 3, 3 ] ], 
  [ 219, [ 3, 3 ] ], [ 220, [ 3, 3 ] ], [ 221, [ 3, 3 ] ], [ 222, [ 3, 3 ] ], 
  [ 223, [ 3, 3 ] ], [ 224, [ 3, 3 ] ], [ 225, [ 3, 3 ] ], [ 226, [ 3, 3 ] ], 
  [ 227, [ 3, 3 ] ], [ 228, [ 3, 3 ] ], [ 229, [ 3, 3 ] ], [ 230, [ 3, 3 ] ], 
  [ 231, [ 3, 3 ] ], [ 232, [ 3, 3 ] ], [ 233, [ 3, 3 ] ], [ 234, [ 3, 3 ] ], 
  [ 235, [ 3, 3 ] ], [ 236, [ 3, 3 ] ], [ 237, [ 3, 3 ] ], [ 295, [ 3 ] ], 
  [ 296, [ 3 ] ], [ 297, [ 3 ] ], [ 298, [ 3 ] ], [ 299, [ 3 ] ], 
  [ 329, [ 3 ] ], [ 330, [ 3 ] ], [ 331, [ 3 ] ], [ 332, [ 3 ] ], 
  [ 333, [ 3 ] ], [ 334, [ 3 ] ], [ 335, [ 3 ] ], [ 336, [ 3 ] ], 
  [ 348, [ 3 ] ], [ 349, [ 3 ] ], [ 350, [ 3 ] ], [ 351, [ 3 ] ], 
  [ 374, [ 3 ] ], [ 375, [ 3 ] ], [ 376, [ 3 ] ], [ 377, [ 3 ] ], 
  [ 402, [ 3 ] ], [ 403, [ 3 ] ], [ 404, [ 3 ] ], [ 405, [ 3 ] ] ]
