[ [ 36, [ 2 ] ], [ 37, [ 2 ] ], [ 38, [ 2 ] ], [ 39, [ 2 ] ], [ 40, [ 2 ] ], 
  [ 41, [ 2 ] ], [ 138, [ 2 ] ], [ 139, [ 2 ] ], [ 144, [ 2 ] ], 
  [ 145, [ 2 ] ], [ 227, [ 2 ] ], [ 228, [ 2 ] ], [ 229, [ 2 ] ], 
  [ 242, [ 2 ] ], [ 243, [ 2 ] ], [ 244, [ 2 ] ], [ 245, [ 2 ] ], 
  [ 246, [ 2 ] ], [ 247, [ 2 ] ], [ 265, [ 2 ] ], [ 266, [ 2 ] ], 
  [ 267, [ 2 ] ], [ 268, [ 2 ] ], [ 269, [ 2 ] ], [ 287, [ 2 ] ], 
  [ 288, [ 2 ] ], [ 289, [ 2 ] ], [ 290, [ 2 ] ], [ 291, [ 2 ] ], 
  [ 292, [ 2 ] ], [ 293, [ 2 ] ], [ 301, [ 2 ] ], [ 324, [ 2 ] ], 
  [ 325, [ 2 ] ], [ 326, [ 2 ] ], [ 417, [ 2 ] ], [ 418, [ 2 ] ], 
  [ 419, [ 2 ] ], [ 420, [ 2 ] ], [ 421, [ 2 ] ], [ 422, [ 2 ] ], 
  [ 423, [ 2 ] ], [ 424, [ 2 ] ], [ 425, [ 2 ] ], [ 426, [ 2 ] ], 
  [ 427, [ 2 ] ], [ 428, [ 2 ] ], [ 429, [ 2 ] ], [ 430, [ 2 ] ], 
  [ 431, [ 2 ] ], [ 432, [ 2 ] ], [ 433, [ 2 ] ], [ 434, [ 2 ] ], 
  [ 435, [ 2 ] ], [ 436, [ 2 ] ], [ 446, [ 2 ] ], [ 447, [ 2 ] ], 
  [ 448, [ 2 ] ], [ 449, [ 2 ] ], [ 450, [ 2 ] ], [ 451, [ 2 ] ], 
  [ 452, [ 2 ] ], [ 453, [ 2 ] ], [ 454, [ 2 ] ], [ 455, [ 2 ] ], 
  [ 541, [ 2 ] ], [ 543, [ 2 ] ], [ 568, [ 2 ] ], [ 570, [ 2 ] ], 
  [ 579, [ 2 ] ], [ 581, [ 2 ] ], [ 626, [ 2 ] ], [ 627, [ 2 ] ], 
  [ 629, [ 2 ] ], [ 667, [ 2 ] ], [ 668, [ 2 ] ], [ 670, [ 2 ] ], 
  [ 675, [ 2 ] ], [ 676, [ 2 ] ], [ 678, [ 2 ] ], [ 691, [ 2 ] ], 
  [ 692, [ 2 ] ], [ 693, [ 2 ] ], [ 695, [ 2 ] ], [ 703, [ 2 ] ], 
  [ 704, [ 2 ] ], [ 705, [ 2 ] ], [ 707, [ 2 ] ], [ 724, [ 2 ] ], 
  [ 725, [ 2 ] ], [ 727, [ 2 ] ], [ 950, [ 2 ] ], [ 951, [ 2 ] ], 
  [ 952, [ 2 ] ], [ 975, [ 2 ] ], [ 976, [ 2 ] ], [ 977, [ 2 ] ], 
  [ 982, [ 2 ] ], [ 983, [ 2 ] ], [ 987, [ 2 ] ], [ 1345, [ 2 ] ], 
  [ 1346, [ 2 ] ], [ 1347, [ 2 ] ], [ 1348, [ 2 ] ], [ 1349, [ 2 ] ], 
  [ 1350, [ 2 ] ], [ 1351, [ 2 ] ], [ 1352, [ 2 ] ], [ 1353, [ 2 ] ], 
  [ 1354, [ 2 ] ], [ 1355, [ 2 ] ], [ 1356, [ 2 ] ], [ 1357, [ 2 ] ], 
  [ 1358, [ 2 ] ], [ 1359, [ 2 ] ], [ 1360, [ 2 ] ], [ 1361, [ 2 ] ], 
  [ 1362, [ 2 ] ], [ 1363, [ 2 ] ], [ 1364, [ 2 ] ], [ 1365, [ 2 ] ], 
  [ 1366, [ 2 ] ], [ 1367, [ 2 ] ], [ 1368, [ 2 ] ], [ 1369, [ 2 ] ], 
  [ 1370, [ 2 ] ], [ 1371, [ 2 ] ], [ 1372, [ 2 ] ], [ 1373, [ 2 ] ], 
  [ 1374, [ 2 ] ], [ 1375, [ 2 ] ], [ 1376, [ 2 ] ], [ 1377, [ 2 ] ], 
  [ 1378, [ 2 ] ], [ 1379, [ 2 ] ], [ 1380, [ 2 ] ], [ 1381, [ 2 ] ], 
  [ 1382, [ 2 ] ], [ 1383, [ 2 ] ], [ 1384, [ 2 ] ], [ 1385, [ 2 ] ], 
  [ 1386, [ 2 ] ], [ 1387, [ 2 ] ], [ 1388, [ 2 ] ], [ 1389, [ 2 ] ], 
  [ 1390, [ 2 ] ], [ 1391, [ 2 ] ], [ 1392, [ 2 ] ], [ 1393, [ 2 ] ], 
  [ 1394, [ 2 ] ], [ 1395, [ 2 ] ], [ 1396, [ 2 ] ], [ 1397, [ 2 ] ], 
  [ 1398, [ 2 ] ], [ 1399, [ 2 ] ], [ 1544, [ 2, 2 ] ], [ 1545, [ 2, 2 ] ], 
  [ 1546, [ 2, 2 ] ], [ 1547, [ 2, 2 ] ], [ 1548, [ 2, 2 ] ], 
  [ 1549, [ 2, 2 ] ], [ 1550, [ 2, 2 ] ], [ 1551, [ 2, 2 ] ], 
  [ 1552, [ 2, 2 ] ], [ 1553, [ 2, 2 ] ], [ 1554, [ 2, 2 ] ], 
  [ 1555, [ 2, 2 ] ], [ 1556, [ 2, 2 ] ], [ 1557, [ 2, 2 ] ], 
  [ 1558, [ 2, 2 ] ], [ 1559, [ 2, 2 ] ], [ 1560, [ 2, 2 ] ], 
  [ 1561, [ 2, 2 ] ], [ 1562, [ 2, 2 ] ], [ 1563, [ 2, 2 ] ], 
  [ 1564, [ 2, 2 ] ], [ 1565, [ 2, 2 ] ], [ 1566, [ 2, 2 ] ], 
  [ 1567, [ 2, 2 ] ], [ 1568, [ 2, 2 ] ], [ 1569, [ 2, 2 ] ], 
  [ 1570, [ 2, 2 ] ], [ 1571, [ 2, 2 ] ], [ 1572, [ 2, 2 ] ], 
  [ 1573, [ 2, 2 ] ], [ 1574, [ 2, 2 ] ], [ 1575, [ 2, 2 ] ], 
  [ 1576, [ 2, 2 ] ], [ 1577, [ 2, 2 ] ], [ 1783, [ 2 ] ], [ 1784, [ 2 ] ], 
  [ 1785, [ 2 ] ], [ 1786, [ 2 ] ], [ 1864, [ 2 ] ], [ 1865, [ 2 ] ], 
  [ 1866, [ 2 ] ], [ 1867, [ 2 ] ], [ 1880, [ 2 ] ], [ 1881, [ 2 ] ], 
  [ 1882, [ 2 ] ], [ 1893, [ 2 ] ], [ 1894, [ 2 ] ], [ 1903, [ 2 ] ], 
  [ 1904, [ 2 ] ], [ 1924, [ 2 ] ], [ 1925, [ 2 ] ], [ 1926, [ 2 ] ], 
  [ 1927, [ 2 ] ], [ 1928, [ 2 ] ], [ 1929, [ 2 ] ], [ 1945, [ 2 ] ], 
  [ 1946, [ 2 ] ], [ 1947, [ 2 ] ], [ 1948, [ 2 ] ], [ 1949, [ 2 ] ], 
  [ 1950, [ 2 ] ], [ 1951, [ 2 ] ], [ 1966, [ 2 ] ], [ 1967, [ 2 ] ], 
  [ 1968, [ 2 ] ], [ 1969, [ 2 ] ], [ 1970, [ 2 ] ], [ 1971, [ 2 ] ], 
  [ 1972, [ 2 ] ], [ 1983, [ 2 ] ], [ 1984, [ 2 ] ], [ 1985, [ 2 ] ], 
  [ 1986, [ 2 ] ], [ 1987, [ 2 ] ], [ 1988, [ 2 ] ] ]
